0 1.8574999558040872e-05
1 1.0750000001280569e-05
2 1.6521000361535698e-05
3 2.470599974913057e-05
4 3.137900057481602e-05
5 5.178700121177826e-05
6 8.311600140586961e-05
7 8.489999891025946e-05
8 0.00013698700058739632
9 0.00025930700030585285
10 0.0003813959992839955
11 0.0005314379995979834
12 0.0008118650002870709
13 0.001443481000023894
14 0.0021075779986858834
15 0.0028042159992764937
16 0.004606221000358346
17 0.007427619999361923
18 0.009941902000718983
19 0.016350177000276744
20 0.0253529849996994
21 0.03878459999941697
22 0.06552158399972541
23 0.08801190100166423
24 0.16209087599963823
25 0.23981577799895604
26 0.3544663699994999
27 0.5877387590007856
28 0.8849694669988821
29 1.3591533620001428
30 2.058718377000332
31 2.774747955001658
32 4.588682191999396
33 6.978974075000224
34 10.832352002000334
35 16.64656959400054
36 25.275032718998773
37 38.35096033099944
38 58.192214693001006
39 78.8727511420002